fases	varH
5.000000000000000	39224414637844.75
5.002004008016032	39222262860070.06
5.004008016032064	39220068474853.19
5.006012024048096	39217831022076.62
5.008016032064128	39215550155437.81
5.010020040080160	39213224042273.81
5.012024048096192	39210849924672.31
5.014028056112225	39208426269512.00
5.016032064128257	39205951451812.75
5.018036072144288	39203423748153.31
5.020040080160321	39200841330518.00
5.022044088176353	39198203246041.75
5.024048096192384	39195507990889.50
5.026052104208417	39192751815155.81
5.028056112224449	39189933880487.19
5.030060120240481	39187050678363.81
5.032064128256513	39184099279545.00
5.034068136272545	39180711185473.94
5.036072144288577	39177618999863.19
5.038076152304609	39174451865422.12
5.040080160320641	39171206994098.81
5.042084168336673	39167509312806.75
5.044088176352705	39164100423978.88
5.046092184368738	39160600778261.56
5.048096192384770	39156636274947.31
5.050100200400801	39152955125281.50
5.052104208416834	39149172578752.06
5.054108216432866	39144913609237.50
5.056112224448897	39140922458116.88
5.058116232464930	39136440724303.44
5.060120240480962	39132221972132.06
5.062124248496994	39127500208092.50
5.064128256513026	39122644872815.56
5.066132264529058	39118053617519.06
5.068136272545090	39112929647576.81
5.070140280561122	39107658945510.44
5.072144288577154	39102632195886.50
5.074148296593187	39097051245676.25
5.076152304609218	39091300853413.50
5.078156312625251	39085377825601.62
5.080160320641283	39079272663216.38
5.082164328657314	39073372825069.38
5.084168336673347	39066873377411.69
5.086172344689379	39060160501825.44
5.088176352705410	39052822390602.88
5.090180360721443	39045649653539.12
5.092184368737475	39038229000762.31
5.094188376753507	39030548111869.25
5.096192384769539	39022593372112.56
5.098196392785571	39013939977070.94
5.100200400801604	39005383583724.06
5.102204408817635	38996093696375.56
5.104208416833667	38986868184278.06
5.106212424849700	38976866461425.25
5.108216432865731	38966888900112.12
5.110220440881763	38956090219870.75
5.112224448897796	38944851608271.12
5.114228456913827	38933145321171.56
5.116232464929860	38920942106403.75
5.118236472945892	38908209393836.94
5.120240480961924	38894910912733.56
5.122244488977956	38881008919972.75
5.124248496993988	38866038939723.56
5.126252505010020	38850799100075.31
5.128256513026052	38834386758424.06
5.130260521042084	38817598972964.38
5.132264529058117	38799525542884.56
5.134268537074148	38780519466022.75
5.136272545090180	38760509190275.50
5.138276553106213	38739409717418.12
5.140280561122244	38716705129714.00
5.142284569138276	38693145693031.94
5.144288577154309	38667762785421.25
5.146292585170340	38640855110023.38
5.148296593186373	38612282840034.81
5.150300601202405	38581884819876.88
5.152304609218437	38549053410787.56
5.154308617234469	38514009340204.25
5.156312625250501	38476524095203.88
5.158316633266533	38436333879797.56
5.160320641282565	38392695084379.69
5.162324649298597	38345697014397.62
5.164328657314630	38294933057925.00
5.166332665330661	38239500176814.25
5.168336673346693	38179279621647.38
5.170340681362726	38113622963203.00
5.172344689378757	38041321337743.94
5.174348697394789	37961452026685.75
5.176352705410822	37873342703625.75
5.178356713426854	37775197426015.06
5.180360721442886	37665351733838.88
5.182364729458918	37542159362161.88
5.184368737474950	37402556200806.88
5.186372745490982	37242726731708.75
5.188376753507014	37058695627314.00
5.190380761523046	36844568601158.88
5.192384769539078	36591850166829.00
5.194388777555110	36289618869700.38
5.196392785571142	35920028945601.75
5.198396793587174	35458759644454.75
5.200400801603206	34864571811589.44
5.202404809619239	34067759166541.56
5.204408817635271	32937448053508.56
5.206412825651302	31195623971845.75
5.208416833667335	28126524485647.75
5.210420841683367	21152942455152.81
5.212424849699399	-10890273129270.25
5.214428857715431	84080827579457.12
5.216432865731463	55056123120324.00
5.218436873747495	48463159960822.88
5.220440881763527	45637181453855.00
5.222444889779559	44076266878070.56
5.224448897795591	43089246907258.00
5.226452905811623	42410232438850.31
5.228456913827655	41914269490206.62
5.230460921843687	41536324623320.44
5.232464929859719	41238250454436.19
5.234468937875752	40997466101134.00
5.236472945891784	40798145722973.38
5.238476953907815	40630369410347.50
5.240480961923848	40486338608764.31
5.242484969939880	40361740887155.06
5.244488977955911	40252159322395.12
5.246492985971944	40154621759802.69
5.248496993987976	40066822879305.25
5.250501002004008	39987450869234.88
5.252505010020040	39915051858227.75
5.254509018036072	39847473870910.50
5.256513026052104	39785218909992.75
5.258517034068136	39726489633516.06
5.260521042084168	39670601090025.06
5.262525050100201	39617446686763.38
5.264529058116232	39566512107422.25
5.266533066132265	39517322483606.25
5.268537074148297	39468972515659.25
5.270541082164328	39421062767845.81
5.272545090180361	39374209370699.12
5.274549098196393	39327061899311.31
5.276553106212424	39279256360639.00
5.278557114228457	39231428718761.75
5.280561122244489	39182194446772.69
5.282565130260521	39131147100196.00
5.284569138276553	39078847828272.88
5.286573146292585	39023801542572.50
5.288577154308618	38965451282503.69
5.290581162324649	38903661479196.81
5.292585170340681	38837678255243.38
5.294589178356714	38766104238953.38
5.296593186372745	38688368700381.12
5.298597194388778	38602637979766.69
5.300601202404810	38507263830529.31
5.302605210420841	38400654967446.81
5.304609218436874	38279617421817.12
5.306613226452906	38140605657376.62
5.308617234468938	37978868172289.00
5.310621242484970	37787868807275.12
5.312625250501002	37557859027667.69
5.314629258517034	37275836795524.06
5.316633266533066	36920253344280.69
5.318637274549098	36458298259921.00
5.320641282565131	35834169206824.94
5.322645290581162	34943894193628.50
5.324649298597194	33573121763892.44
5.326653306613227	31199023746016.25
5.328657314629258	26126398956128.38
5.330661322645291	8260690066922.31
5.332665330661323	87057175453764.06
5.334669338677354	61419691568920.88
5.336673346693387	52022145323101.06
5.338677354709419	48298038585122.81
5.340681362725451	46284358680211.88
5.342685370741483	45013342055563.62
5.344689378757515	44133000011044.56
5.346693386773547	43484337993673.31
5.348697394789579	42985276115628.81
5.350701402805611	42588205815778.81
5.352705410821644	42264881725507.12
5.354709418837675	41996213372406.00
5.356713426853707	41769195243780.19
5.358717434869740	41575178311659.31
5.360721442885771	41406944453774.19
5.362725450901803	41260028795551.25
5.364729458917836	41130620714632.69
5.366733466933868	41015754927392.69
5.368737474949900	40913624098512.06
5.370741482965932	40821283105525.00
5.372745490981964	40738276458990.50
5.374749498997996	40663353502488.44
5.376753507014028	40594939877781.62
5.378757515030060	40532169822533.94
5.380761523046092	40474851552288.12
5.382765531062124	40422358902811.31
5.384769539078157	40373632824183.81
5.386773547094188	40328746735506.00
5.388777555110220	40287305567723.88
5.390781563126253	40248439908692.38
5.392785571142285	40212913982907.62
5.394789579158316	40178861947250.38
5.396793587174349	40147655733822.00
5.398797595190381	40118024401520.12
5.400801603206412	40090854481481.19
5.402805611222445	40064916291590.38
5.404809619238477	40040599901090.25
5.406813627254509	40017239108752.50
5.408817635270541	39995788782059.75
5.410821643286573	39975078943018.12
5.412825651302605	39955544562782.44
5.414829659318637	39937101084322.25
5.416833667334670	39919674971425.56
5.418837675350701	39903193589619.62
5.420841683366733	39887589452049.81
5.422845691382766	39872271569394.31
5.424849699398798	39858262109294.56
5.426853707414829	39844430260371.12
5.428857715430862	39831270029919.25
5.430861723446894	39819289251525.25
5.432865731462925	39807360784588.62
5.434869739478958	39795991730650.19
5.436873747494990	39785147463460.38
5.438877755511022	39774800215711.62
5.440881763527054	39764379460628.44
5.442885771543086	39754948537358.25
5.444889779559118	39745933580658.75
5.446893787575150	39736768799482.88
5.448897795591182	39728530310361.88
5.450901803607215	39720097773834.56
5.452905811623246	39712004471388.00
5.454909819639279	39704782748508.75
5.456913827655311	39697314111464.19
5.458917835671342	39690138251084.19
5.460921843687375	39683239961841.56
5.462925851703407	39677154686703.38
5.464929859719438	39670771633220.06
5.466933867735471	39664627212875.31
5.468937875751503	39658713106512.06
5.470941883767535	39652465805029.94
5.472945891783567	39646978978198.25
5.474949899799599	39641691635669.75
5.476953907815632	39636592949203.94
5.478957915831663	39631684346820.19
5.480961923847695	39626396327131.06
5.482965931863728	39621827044944.25
5.484969939879759	39617420579889.00
5.486973947895792	39612618048488.25
5.488977955911824	39608513518777.75
5.490981963927855	39604001570131.44
5.492985971943888	39600181224243.88
5.494989979959920	39595934520054.25
5.496993987975952	39592375161593.38
5.498997995991984	39588380102033.88
5.501002004008016	39585057077724.56
5.503006012024048	39581295599790.50
5.505010020040080	39578194592340.38
5.507014028056112	39574647907656.62
5.509018036072145	39571199818389.19
5.511022044088176	39567848095507.62
5.513026052104208	39565151862738.19
5.515030060120241	39561990017599.94
5.517034068136272	39558913311662.25
5.519038076152304	39555921993495.88
5.521042084168337	39553012034808.62
5.523046092184368	39550745271808.19
5.525050100200401	39547994805021.94
5.527054108216433	39545320283731.19
5.529058116232465	39542716542678.31
5.531062124248497	39540181572639.75
5.533066132264529	39537713408719.69
5.535070140280562	39535312455872.38
5.537074148296593	39532975552942.44
5.539078156312625	39530699799229.00
5.541082164328658	39528483392100.31
5.543086172344689	39526324570138.00
5.545090180360721	39524224859071.62
5.547094188376754	39522179318085.50
5.549098196392785	39520186240891.00
5.551102204408817	39518244002130.69
5.553106212424850	39516351007813.62
5.555110220440882	39514508576957.75
5.557114228456914	39512149250536.75
5.559118236472946	39510399201035.38
5.561122244488978	39508692521445.44
5.563126252505010	39507027774315.25
5.565130260521042	39505409698662.31
5.567134268537074	39503833193689.25
5.569138276553106	39501730698383.44
5.571142284569138	39500231225482.75
5.573146292585170	39498767379016.25
5.575150300601202	39497341666606.62
5.577154308617234	39495388837531.19
5.579158316633267	39494037655769.12
5.581162324649299	39492717503905.38
5.583166332665330	39491430158596.88
5.585170340681363	39489612154216.62
5.587174348697395	39488390439245.19
5.589178356713427	39487196246410.88
5.591182364729459	39485470609602.88
5.593186372745491	39484342536278.06
5.595190380761523	39483238275172.62
5.597194388777555	39481595539989.31
5.599198396793587	39480550926497.12
5.601202404809619	39479527390749.00
5.603206412825651	39477965093423.00
5.605210420841683	39476999845590.94
5.607214428857715	39475483530332.75
5.609218436873747	39474568364454.25
5.611222444889780	39473672871200.56
5.613226452905812	39472227941916.44
5.615230460921843	39471381629361.69
5.617234468937876	39469980190431.88
5.619238476953908	39469178620179.12
5.621242484969940	39467823610779.25
5.623246492985972	39467060688697.00
5.625250501002004	39466320008332.31
5.627254509018036	39465022534269.88
5.629258517034068	39464322572426.56
5.631262525050100	39463063943685.81
5.633266533066132	39462399491298.44
5.635270541082164	39461180609919.12
5.637274549098196	39460553093417.50
5.639278557114229	39459369643751.81
5.641282565130260	39458775391406.50
5.643286573146293	39457625781846.12
5.645290581162325	39457063698752.88
5.647294589178356	39455946388403.94
5.649298597194389	39455415407071.56
5.651302605210421	39454329822309.44
5.653306613226453	39453257485054.56
5.655310621242485	39452776677941.19
5.657314629258517	39451734241718.44
5.659318637274549	39451280433770.62
5.661322645290581	39450267162450.94
5.663326653306613	39449838732600.56
5.665330661322646	39448853926354.12
5.667334669338677	39448449279326.38
5.669338677354709	39447492330368.19
5.671342685370742	39446541502390.75
5.673346693386773	39446184798857.38
5.675350701402806	39445260945505.00
5.677354709418838	39444924295449.69
5.679358717434869	39444026823896.12
5.681362725450902	39443134188276.62
5.683366733466934	39442837040196.38
5.685370741482966	39441968568722.31
5.687374749498998	39441689537385.38
5.689378757515030	39440846068812.38
5.691382765531062	39440010568525.50
5.693386773547094	39439767750961.75
5.695390781563126	39438954081879.50
5.697394789579159	39438152122557.75
5.699398797595190	39437937322173.06
5.701402805611222	39437150592415.06
5.703406813627255	39436379837971.50
5.705410821643286	39436191833841.88
5.707414829659319	39435435111723.12
5.709418837675351	39435266208630.56
5.711422845691382	39434527512686.69
5.713426853707415	39433801239241.50
5.715430861723447	39433659364929.31
5.717434869739479	39432947403762.12
5.719438877755511	39432247418609.50
5.721442885771543	39431553046176.75
5.723446893787575	39431441101313.38
5.725450901803607	39430765758345.19
5.727454909819639	39430094598659.88
5.729458917835672	39430005167617.25
5.731462925851703	39429352890496.31
5.733466933867735	39428704222916.88
5.735470941883768	39428636796061.25
5.737474949899799	39428008163883.12
5.739478957915832	39427383506016.00
5.741482965931864	39427338189993.06
5.743486973947896	39426729420187.88
5.745490981963928	39426126021404.81
5.747494989979960	39425525041854.81
5.749498997995992	39425509839248.62
5.751503006012024	39424927084780.44
5.753507014028056	39424346583562.44
5.755511022044088	39423770248171.50
5.757515030060120	39423783774406.19
5.759519038076152	39423223179391.31
5.761523046092185	39422665827615.00
5.763527054108216	39422696268560.81
5.765531062124248	39422157120495.19
5.767535070140281	39421620035930.25
5.769539078156313	39421087498364.56
5.771543086172344	39421141268991.75
5.773547094188377	39420622952720.38
5.775551102204409	39420106586345.12
5.777555110220440	39419598201129.12
5.779559118236473	39419671916347.38
5.781563126252505	39419173692207.75
5.783567134268537	39418677305500.06
5.785571142284569	39418191271225.94
5.787575150300601	39417707980716.38
5.789579158316633	39417806569385.62
5.791583166332665	39417332315237.19
5.793587174348698	39416867852273.62
5.795591182364729	39416405392806.56
5.797595190380761	39416521931594.81
5.799599198396794	39416066682948.00
5.801603206412826	39415620564630.50
5.803607214428857	39415176325237.25
5.805611222444890	39415309359486.19
5.807615230460922	39414871585707.00
5.809619238476953	39414443175930.25
5.811623246492986	39414016526463.69
5.813627254509018	39413591652678.94
5.815631262525050	39413744207182.31
5.817635270541082	39413332013929.81
5.819639278557114	39412924213974.19
5.821643286573146	39412518125639.06
5.823647294589178	39412113761336.06
5.825651302605211	39412290384898.06
5.827655310621243	39411899090504.31
5.829659318637274	39411509396312.06
5.831663326653307	39411121311740.88
5.833667334669339	39410735159124.88
5.835671342685370	39410932090981.88
5.837675350701403	39410558270831.69
5.839679358717435	39410185953839.94
5.841683366733466	39409815148409.94
5.843687374749499	39409448960023.56
5.845691382765531	39409088468805.75
5.847695390781563	39409304363805.19
5.849699398797595	39408949060117.12
5.851703406813627	39408596672137.19
5.853707414829660	39408250308642.75
5.855711422845691	39407907797038.75
5.857715430861724	39408139670979.56
5.859719438877756	39407801958283.69
5.861723446893787	39407465615324.38
5.863727454909820	39407135341996.75
5.865731462925852	39406808445550.19
5.867735470941883	39406483023688.75
5.869739478957916	39406731152280.88
5.871743486973948	39406410254717.12
5.873747494989980	39406094525501.94
5.875751503006012	39405782645013.25
5.877755511022044	39405472146029.06
5.879759519038076	39405163029515.06
5.881763527054108	39405426101103.25
5.883767535070140	39405123705836.81
5.885771543086173	39404827931248.19
5.887775551102204	39404533485413.25
5.889779559118236	39404240367231.31
5.891783567134269	39403948576238.38
5.893787575150300	39403658112891.50
5.895791583166332	39403944366058.62
5.897795591182365	39403663810758.88
5.899799599198396	39403384499077.06
5.901803607214429	39403106429621.06
5.903807615230461	39402829601720.88
5.905811623246493	39402555191036.94
5.907815631262525	39402854211359.19
5.909819639278557	39402588219706.69
5.911823647294590	39402323391892.75
5.913827655310621	39402059726214.06
5.915831663326653	39401797221332.75
5.917835671342686	39401537924589.88
5.919839679358717	39401283220501.25
5.921843687374749	39401596989131.75
5.923847695390782	39401347626437.12
5.925851703406813	39401099379809.81
5.927855711422845	39400852246655.88
5.929859719438878	39400607716211.19
5.931863727454910	39400367967633.50
5.933867735470942	39400129383124.38
5.935871743486974	39399891958697.38
5.937875751503006	39400220192155.19
5.939879759519038	39399986265972.75
5.941883767535070	39399753377427.62
5.943887775551103	39399526413626.00
5.945891783567134	39399300578185.94
5.947895791583166	39399075826887.69
5.949899799599199	39398852155696.00
5.951903807615230	39398629560862.94
5.953907815631262	39398970454862.56
5.955911823647295	39398753482677.25
5.957915831663327	39398539868643.50
5.959919839679358	39398327803743.62
5.961923847695391	39398117717675.75
5.963927855711423	39397908657801.50
5.965931863727455	39397700619612.88
5.967935871743487	39397493598806.50
5.969939879759519	39397290846566.19
5.971943887775551	39397650779273.62
5.973947895791583	39397452294830.12
5.975951903807615	39397254767816.69
5.977955911823647	39397058193041.75
5.979959919839679	39396862566145.69
5.981963927855711	39396667882089.69
5.983967935871743	39396477145053.44
5.985971943887775	39396288655857.69
5.987975951903808	39396101134867.00
5.989979959919840	39396472064371.44
5.991983967935871	39396287365337.62
5.993987975951904	39396103543132.50
5.995991983967936	39395920592970.62
5.997995991983968	39395740401136.19
6.000000000000000	39395563292747.25

